G1 = 0.000000000000E0	
K = 3.221757322176E-1	
X = 4.323570432357E-1	
G2 = 7.350069735007E-1	
L = 9.986052998605E-1
